[
    1,
    0,
    0,
    [
        [
            "cc.Skeleton",
            [
                "_name",
                "_hash",
                "_joints",
                "_bindposes"
            ],
            0,
            12
        ]
    ],
    [
        [
            0,
            0,
            1,
            2,
            3,
            4
        ]
    ],
    [
        [
            0,
            "Skin-0",
            3697588686,
            [
                "root/Bip001/Bip001 Pelvis/Bip001 Spine/Bip001 Spine1/Bip001 L Clavicle",
                "root/Bip001/Bip001 Pelvis/Bip001 Spine/Bip001 Spine1/Bip001 Neck",
                "root/Bip001/Bip001 Pelvis/Bip001 Spine/Bip001 Spine1/Bip001 Neck/Bip001 Head",
                "root/Bip001/Bip001 Pelvis/Bip001 Spine/Bip001 Spine1",
                "root/Bip001/Bip001 Pelvis/Bip001 Spine/Bip001 Spine1/Bip001 Neck/Bip001 Head/Bone003",
                "root/Bip001/Bip001 Pelvis/Bip001 Spine/Bip001 Spine1/Bip001 Neck/Bip001 Head/Bone003(mirrored)",
                "root/Bip001/Bip001 Pelvis/Bip001 Spine/Bip001 Spine1/Bip001 R Clavicle",
                "root/Bip001/Bip001 Pelvis/Bip001 Spine/Bip001 Spine1/Bip001 R Clavicle/Bip001 R UpperArm",
                "root/Bip001/Bip001 Pelvis",
                "root/Bip001/Bip001 Pelvis/Bip001 Spine",
                "root/Bip001/Bip001 Pelvis/Bip001 Spine/Bip001 Spine1/Bip001 R Clavicle/Bip001 R UpperArm/Bip001 R Forearm",
                "root/Bip001/Bip001 Pelvis/Bip001 Spine/Bip001 Spine1/Bip001 R Clavicle/Bip001 R UpperArm/Bip001 R Forearm/Bip001 R Hand",
                "root/Bip001/Bip001 Pelvis/Bip001 Spine/Bip001 Spine1/Bip001 L Clavicle/Bip001 L UpperArm",
                "root/Bip001/Bip001 Pelvis/Bip001 Spine/Bip001 Spine1/Bip001 L Clavicle/Bip001 L UpperArm/Bip001 L Forearm",
                "root/Bip001/Bip001 Pelvis/Bip001 R Thigh",
                "root/Bip001/Bip001 Pelvis/Bip001 L Thigh",
                "root/Bip001/Bip001 Pelvis/Bip001 R Thigh/Bip001 R Calf",
                "root/Bip001/Bip001 Pelvis/Bip001 R Thigh/Bip001 R Calf/Bip001 R Foot",
                "root/Bip001/Bip001 Pelvis/Bip001 R Thigh/Bip001 R Calf/Bip001 R Foot/Bip001 R Toe0",
                "root/Bip001/Bip001 Pelvis/Bip001 L Thigh/Bip001 L Calf",
                "root/Bip001/Bip001 Pelvis/Bip001 L Thigh/Bip001 L Calf/Bip001 L Foot",
                "root/Bip001/Bip001 Pelvis/Bip001 L Thigh/Bip001 L Calf/Bip001 L Foot/Bip001 L Toe0",
                "root/Bip001/Bip001 Pelvis/Bip001 Spine/Bip001 Spine1/Bip001 R Clavicle/Bip001 R UpperArm/Bip001 R Forearm/Bip001 R Hand/Bip001 R Finger0",
                "root/Bip001/Bip001 Pelvis/Bip001 Spine/Bip001 Spine1/Bip001 R Clavicle/Bip001 R UpperArm/Bip001 R Forearm/Bip001 R Hand/Bip001 R Finger2",
                "root/Bip001/Bip001 Pelvis/Bip001 Spine/Bip001 Spine1/Bip001 R Clavicle/Bip001 R UpperArm/Bip001 R Forearm/Bip001 R Hand/Bip001 R Finger2/Bip001 R Finger21",
                "root/Bip001/Bip001 Pelvis/Bip001 Spine/Bip001 Spine1/Bip001 R Clavicle/Bip001 R UpperArm/Bip001 R Forearm/Bip001 R Hand/Bip001 R Finger0/Bip001 R Finger01",
                "root/Bip001/Bip001 Pelvis/Bip001 Spine/Bip001 Spine1/Bip001 R Clavicle/Bip001 R UpperArm/Bip001 R Forearm/Bip001 R Hand/Bip001 R Finger1",
                "root/Bip001/Bip001 Pelvis/Bip001 Spine/Bip001 Spine1/Bip001 R Clavicle/Bip001 R UpperArm/Bip001 R Forearm/Bip001 R Hand/Bip001 R Finger1/Bip001 R Finger11",
                "root/Bip001/Bip001 Pelvis/Bip001 Spine/Bip001 Spine1/Bip001 L Clavicle/Bip001 L UpperArm/Bip001 L Forearm/Bip001 L Hand",
                "root/Bip001/Bip001 Pelvis/Bip001 Spine/Bip001 Spine1/Bip001 L Clavicle/Bip001 L UpperArm/Bip001 L Forearm/Bip001 L Hand/Bip001 L Finger0",
                "root/Bip001/Bip001 Pelvis/Bip001 Spine/Bip001 Spine1/Bip001 L Clavicle/Bip001 L UpperArm/Bip001 L Forearm/Bip001 L Hand/Bip001 L Finger2",
                "root/Bip001/Bip001 Pelvis/Bip001 Spine/Bip001 Spine1/Bip001 L Clavicle/Bip001 L UpperArm/Bip001 L Forearm/Bip001 L Hand/Bip001 L Finger2/Bip001 L Finger21",
                "root/Bip001/Bip001 Pelvis/Bip001 Spine/Bip001 Spine1/Bip001 L Clavicle/Bip001 L UpperArm/Bip001 L Forearm/Bip001 L Hand/Bip001 L Finger0/Bip001 L Finger01",
                "root/Bip001/Bip001 Pelvis/Bip001 Spine/Bip001 Spine1/Bip001 L Clavicle/Bip001 L UpperArm/Bip001 L Forearm/Bip001 L Hand/Bip001 L Finger1",
                "root/Bip001/Bip001 Pelvis/Bip001 Spine/Bip001 Spine1/Bip001 L Clavicle/Bip001 L UpperArm/Bip001 L Forearm/Bip001 L Hand/Bip001 L Finger1/Bip001 L Finger11"
            ],
            [
                [
                    [
                        7,
                        0.9139727354049683,
                        -0.37041035294532776,
                        0.16568081080913544,
                        0,
                        -0.28274890780448914,
                        -0.2885001599788666,
                        0.9147791266441345,
                        0,
                        -0.291044682264328,
                        -0.882929265499115,
                        -0.36841437220573425,
                        0,
                        0.5269436240196228,
                        0.5755528807640076,
                        -1.8753494024276733,
                        1
                    ],
                    [
                        7,
                        3.816536207068566e-7,
                        -0.0000014568901178790838,
                        1,
                        0,
                        0.960466742515564,
                        -0.27839499711990356,
                        -7.721564543317072e-7,
                        0,
                        0.2783949673175812,
                        0.960466742515564,
                        0.0000012930439652336645,
                        0,
                        -1.9873243570327759,
                        0.5978671908378601,
                        0.000001751170884745079,
                        1
                    ],
                    [
                        7,
                        1.5127101349321492e-8,
                        -0.0000014027768884261604,
                        1,
                        0,
                        0.9999391436576843,
                        -0.011031570844352245,
                        -3.060101505525381e-8,
                        0,
                        0.01103156991302967,
                        0.9999392032623291,
                        0.0000014025246173332562,
                        0,
                        -2.2176005840301514,
                        0.004185202065855265,
                        1.0454277088456365e-7,
                        1
                    ],
                    [
                        7,
                        -4.247563083481509e-7,
                        -0.0000014701554391649552,
                        1,
                        0,
                        0.9507900476455688,
                        0.3098360002040863,
                        8.5936108007445e-7,
                        0,
                        -0.3098360002040863,
                        0.9507901072502136,
                        0.0000012662042081501568,
                        0,
                        -1.6501426696777344,
                        -0.6012102365493774,
                        -0.0000015745905557196238,
                        1
                    ],
                    [
                        7,
                        -0.667026698589325,
                        -8.309285703944624e-8,
                        -0.7450339198112488,
                        0,
                        -0.6216081380844116,
                        -0.5512571930885315,
                        0.5565240979194641,
                        0,
                        -0.4107052981853485,
                        0.834335446357727,
                        0.36770322918891907,
                        0,
                        1.3940505981445312,
                        1.408711552619934,
                        -1.2480895519256592,
                        1
                    ],
                    [
                        7,
                        0.667026698589325,
                        -3.791052449741983e-7,
                        0.7450339198112488,
                        0,
                        -0.6216081976890564,
                        0.5512568950653076,
                        0.5565241575241089,
                        0,
                        -0.4107053875923157,
                        -0.834335446357727,
                        0.36770281195640564,
                        0,
                        1.3940505981445312,
                        -1.4087108373641968,
                        -1.2480900287628174,
                        1
                    ],
                    [
                        7,
                        -0.9139735102653503,
                        0.37040790915489197,
                        0.16568182408809662,
                        0,
                        -0.28274887800216675,
                        -0.2885001599788666,
                        -0.9147791266441345,
                        0,
                        -0.29104214906692505,
                        -0.8829302191734314,
                        0.36841389536857605,
                        0,
                        0.5269434452056885,
                        0.5755528807640076,
                        1.8753494024276733,
                        1
                    ],
                    [
                        7,
                        -0.5212516188621521,
                        0.12441407144069672,
                        0.8442854881286621,
                        0,
                        -0.8534026145935059,
                        -0.07698149979114532,
                        -0.5155364871025085,
                        0,
                        0.0008543685544282198,
                        -0.9892396330833435,
                        0.1463020294904709,
                        0,
                        1.5748012065887451,
                        0.09535735100507736,
                        1.213615894317627,
                        1
                    ],
                    [
                        7,
                        0.0000013868000223737909,
                        0.0000027577070795814507,
                        1,
                        0,
                        1,
                        4.370756556681954e-8,
                        -0.0000013868002497474663,
                        0,
                        -4.371138828673793e-8,
                        1,
                        -0.0000027577070795814507,
                        0,
                        -1.354646921157837,
                        -0.06568992137908936,
                        0.0000020626494006137364,
                        1
                    ],
                    [
                        7,
                        -2.6236971706339318e-8,
                        -0.000001402944462824962,
                        1,
                        0,
                        0.9998168349266052,
                        0.019138405099511147,
                        5.308228523404068e-8,
                        0,
                        -0.019138405099511147,
                        0.99981689453125,
                        0.0000014021853758094949,
                        0,
                        -1.497448205947876,
                        -0.09416184574365616,
                        -1.6824114368318988e-7,
                        1
                    ],
                    [
                        7,
                        -0.5350084900856018,
                        0.03079117462038994,
                        0.8442854881286621,
                        0,
                        -0.8265576362609863,
                        -0.22588668763637543,
                        -0.5155364871025085,
                        0,
                        0.1748388707637787,
                        -0.9736669063568115,
                        0.14630195498466492,
                        0,
                        1.171185851097107,
                        0.3061302900314331,
                        1.213615894317627,
                        1
                    ],
                    [
                        7,
                        -0.3055547773838043,
                        0.9122299551963806,
                        0.27289706468582153,
                        0,
                        -0.9521673917770386,
                        -0.2938433289527893,
                        -0.08386535197496414,
                        0,
                        0.003684491151943803,
                        -0.2854691445827484,
                        0.9583808183670044,
                        0,
                        1.0965073108673096,
                        0.9487783908843994,
                        0.2967537045478821,
                        1
                    ],
                    [
                        7,
                        0.5212516188621521,
                        -0.12441679835319519,
                        0.8442850708961487,
                        0,
                        -0.8534026145935059,
                        -0.07698150724172592,
                        0.5155364274978638,
                        0,
                        0.0008529393235221505,
                        -0.9892392754554749,
                        -0.14630435407161713,
                        0,
                        1.5748013257980347,
                        0.09535734355449677,
                        -1.2136156558990479,
                        1
                    ],
                    [
                        7,
                        0.53500896692276,
                        -0.03079385496675968,
                        0.8442850708961487,
                        0,
                        -0.8265576362609863,
                        -0.22588670253753662,
                        0.5155364871025085,
                        0,
                        0.1748374104499817,
                        -0.9736668467521667,
                        -0.14630427956581116,
                        0,
                        1.171185851097107,
                        0.3061303496360779,
                        -1.2136157751083374,
                        1
                    ],
                    [
                        7,
                        -0.14676503837108612,
                        -0.015965744853019714,
                        -0.9890424609184265,
                        0,
                        -0.9777077436447144,
                        -0.14944089949131012,
                        0.14749541878700256,
                        0,
                        -0.15015828609466553,
                        0.9886417388916016,
                        0.00632286723703146,
                        0,
                        1.3159104585647583,
                        0.13549381494522095,
                        -0.3242317736148834,
                        1
                    ],
                    [
                        7,
                        0.14676444232463837,
                        0.015968555584549904,
                        -0.9890425801277161,
                        0,
                        -0.9777078032493591,
                        -0.14944089949131012,
                        -0.14749526977539062,
                        0,
                        -0.15015870332717896,
                        0.9886416792869568,
                        -0.006320029962807894,
                        0,
                        1.3159105777740479,
                        0.13549380004405975,
                        0.3242313861846924,
                        1
                    ],
                    [
                        7,
                        -0.14523744583129883,
                        -0.026475805789232254,
                        -0.9890424609184265,
                        0,
                        -0.9644341468811035,
                        -0.21934418380260468,
                        0.14749543368816376,
                        0,
                        -0.2208458036184311,
                        0.9752882122993469,
                        0.0063228183425962925,
                        0,
                        0.7572792172431946,
                        0.19042935967445374,
                        -0.3242317736148834,
                        1
                    ],
                    [
                        7,
                        -1.147454664618408e-8,
                        0.0000013708589676753036,
                        -1,
                        0,
                        -0.9999649524688721,
                        -0.00837004091590643,
                        -9.171965243934163e-17,
                        0,
                        -0.008370039984583855,
                        0.9999650120735168,
                        0.0000013709070572076598,
                        0,
                        0.25340738892555237,
                        0.14800642430782318,
                        -0.2907823920249939,
                        1
                    ],
                    [
                        7,
                        0.0000012952129964105552,
                        5.156328697353274e-8,
                        -1,
                        0,
                        0.14640414714813232,
                        0.9892247915267944,
                        2.406322607839684e-7,
                        0,
                        0.9892248511314392,
                        -0.14640414714813232,
                        0.0000012737078805002966,
                        0,
                        -0.11099998652935028,
                        0.015779519453644753,
                        -0.2907823622226715,
                        1
                    ],
                    [
                        7,
                        0.14523667097091675,
                        0.026478413492441177,
                        -0.9890425801277161,
                        0,
                        -0.9644342064857483,
                        -0.21934419870376587,
                        -0.14749526977539062,
                        0,
                        -0.22084620594978333,
                        0.9752881526947021,
                        -0.0063201361335814,
                        0,
                        0.7572793364524841,
                        0.19042940437793732,
                        0.3242313861846924,
                        1
                    ],
                    [
                        7,
                        -1.147454664618408e-8,
                        0.0000013708589676753036,
                        -1,
                        0,
                        -0.9999649524688721,
                        -0.00837004091590643,
                        -9.171965243934163e-17,
                        0,
                        -0.008370039984583855,
                        0.9999650120735168,
                        0.0000013709070572076598,
                        0,
                        0.25340738892555237,
                        0.148006409406662,
                        0.29078200459480286,
                        1
                    ],
                    [
                        7,
                        0.000001417057319486048,
                        -4.529761667981802e-7,
                        -1,
                        0,
                        0.14640414714813232,
                        0.9892247915267944,
                        -2.406322607839684e-7,
                        0,
                        0.9892248511314392,
                        -0.14640414714813232,
                        0.0000014681060065413476,
                        0,
                        -0.11099999397993088,
                        0.015779519453644753,
                        0.29078200459480286,
                        1
                    ],
                    [
                        7,
                        0.2004433572292328,
                        -0.5357282757759094,
                        0.8202546834945679,
                        0,
                        -0.8385821580886841,
                        -0.5267200469970703,
                        -0.13909147679805756,
                        0,
                        0.5065597891807556,
                        -0.6599711775779724,
                        -0.5548293590545654,
                        0,
                        1.1532907485961914,
                        0.36744844913482666,
                        0.6593695282936096,
                        1
                    ],
                    [
                        7,
                        0.1345432847738266,
                        0.9869722723960876,
                        0.08822733908891678,
                        0,
                        -0.983375608921051,
                        0.1439475119113922,
                        -0.11068685352802277,
                        0,
                        -0.12194494158029556,
                        -0.07186844199895859,
                        0.989931583404541,
                        0,
                        1.211466908454895,
                        0.5127082467079163,
                        0.20834754407405853,
                        1
                    ],
                    [
                        7,
                        0.7440325021743774,
                        0.6622926592826843,
                        0.08822769671678543,
                        0,
                        -0.6534448266029358,
                        0.7488380074501038,
                        -0.1106867790222168,
                        0,
                        -0.13937526941299438,
                        0.024702632799744606,
                        0.9899315237998962,
                        0,
                        1.1866732835769653,
                        -0.3409040570259094,
                        0.20834769308567047,
                        1
                    ],
                    [
                        7,
                        -0.0037227433640509844,
                        -0.5719866752624512,
                        0.8202545642852783,
                        0,
                        -0.9712620377540588,
                        -0.19314222037792206,
                        -0.13909149169921875,
                        0,
                        0.23798422515392303,
                        -0.7972001433372498,
                        -0.5548295378684998,
                        0,
                        1.103008508682251,
                        -0.027604365721344948,
                        0.6593695282936096,
                        1
                    ],
                    [
                        7,
                        -0.13822850584983826,
                        0.94549959897995,
                        0.2948279082775116,
                        0,
                        -0.9893684983253479,
                        -0.14540961384773254,
                        0.002461755182594061,
                        0,
                        0.04519839957356453,
                        -0.29135316610336304,
                        0.9555472135543823,
                        0,
                        1.0267586708068848,
                        0.8141763806343079,
                        0.1261950135231018,
                        1
                    ],
                    [
                        7,
                        0.1943615972995758,
                        0.9355748891830444,
                        0.2948276996612549,
                        0,
                        -0.9792463779449463,
                        0.20265842974185944,
                        0.0024617600720375776,
                        0,
                        -0.05744615197181702,
                        -0.2891874611377716,
                        0.9555472731590271,
                        0,
                        1.1599750518798828,
                        0.4432995617389679,
                        0.12619487941265106,
                        1
                    ],
                    [
                        7,
                        0.3055548369884491,
                        -0.9122306704521179,
                        0.2728945314884186,
                        0,
                        -0.9521673917770386,
                        -0.2938433587551117,
                        0.08386538177728653,
                        0,
                        0.0036836641374975443,
                        -0.2854667007923126,
                        -0.9583815932273865,
                        0,
                        1.09650719165802,
                        0.9487781524658203,
                        -0.29675373435020447,
                        1
                    ],
                    [
                        7,
                        -0.20044198632240295,
                        0.5357264876365662,
                        0.8202561736106873,
                        0,
                        -0.8385822176933289,
                        -0.5267199873924255,
                        0.13909146189689636,
                        0,
                        0.5065602660179138,
                        -0.659972608089447,
                        0.5548271536827087,
                        0,
                        1.1532907485961914,
                        0.36744850873947144,
                        -0.6593692898750305,
                        1
                    ],
                    [
                        7,
                        -0.13454358279705048,
                        -0.9869723916053772,
                        0.08822464197874069,
                        0,
                        -0.983375608921051,
                        0.14394746720790863,
                        0.11068685352802277,
                        0,
                        -0.12194456160068512,
                        -0.0718657448887825,
                        -0.9899318814277649,
                        0,
                        1.2114667892456055,
                        0.5127080678939819,
                        -0.20834752917289734,
                        1
                    ],
                    [
                        7,
                        -0.7440329194068909,
                        -0.6622925996780396,
                        0.08822497725486755,
                        0,
                        -0.6534448862075806,
                        0.748837947845459,
                        0.11068679392337799,
                        0,
                        -0.13937324285507202,
                        0.024704458191990852,
                        -0.9899318218231201,
                        0,
                        1.1866731643676758,
                        -0.3409041464328766,
                        -0.20834767818450928,
                        1
                    ],
                    [
                        7,
                        0.0037233843468129635,
                        0.5719845294952393,
                        0.8202560544013977,
                        0,
                        -0.9712620973587036,
                        -0.19314220547676086,
                        0.13909144699573517,
                        0,
                        0.23798418045043945,
                        -0.7972018122673035,
                        0.5548273324966431,
                        0,
                        1.1030086278915405,
                        -0.027604233473539352,
                        -0.6593692302703857,
                        1
                    ],
                    [
                        7,
                        0.1382286548614502,
                        -0.945500373840332,
                        0.2948252558708191,
                        0,
                        -0.9893684983253479,
                        -0.14540962874889374,
                        -0.0024617561139166355,
                        0,
                        0.045198019593954086,
                        -0.29135048389434814,
                        -0.955548107624054,
                        0,
                        1.0267586708068848,
                        0.8141761422157288,
                        -0.12619493901729584,
                        1
                    ],
                    [
                        7,
                        -0.19436176121234894,
                        -0.9355756044387817,
                        0.29482513666152954,
                        0,
                        -0.9792463779449463,
                        0.20265842974185944,
                        -0.0024617607705295086,
                        0,
                        -0.057445622980594635,
                        -0.28918489813804626,
                        -0.9555481672286987,
                        0,
                        1.1599750518798828,
                        0.44329941272735596,
                        -0.12619484961032867,
                        1
                    ]
                ],
                8,
                8,
                8,
                8,
                8,
                8,
                8,
                8,
                8,
                8,
                8,
                8,
                8,
                8,
                8,
                8,
                8,
                8,
                8,
                8,
                8,
                8,
                8,
                8,
                8,
                8,
                8,
                8,
                8,
                8,
                8,
                8,
                8,
                8,
                8
            ]
        ]
    ],
    0,
    0,
    [],
    [],
    []
]
